*Heading
 /home/oscilo/git_repos/yapfc/abaq
*NODE
1, 1, 1.2246467991474e-16, 0.5
2, 0, 1.2246467991474e-16, 0.5
3, 1, -0.16234973460234, 0.47290862085032
4, 1, -0.30710635634483, 0.3945702546982
5, 1, -0.41858323913126, 0.27347407906121
6, 1, -0.48470013296967, 0.1227427435704
7, 1, -0.49829224650333, -0.041289672736167
8, 1, -0.45788666332753, -0.20084771232649
9, 1, -0.36786195533657, -0.33864078581287
10, 1, -0.23797369651854, -0.43973687560324
11, 1, -0.082297295140367, -0.49318065170136
12, 1, 0.082297295140367, -0.49318065170136
13, 1, 0.23797369651854, -0.43973687560324
14, 1, 0.36786195533657, -0.33864078581287
15, 1, 0.45788666332753, -0.20084771232649
16, 1, 0.49829224650333, -0.041289672736168
17, 1, 0.48470013296967, 0.1227427435704
18, 1, 0.41858323913127, 0.27347407906121
19, 1, 0.30710635634484, 0.3945702546982
20, 1, 0.16234973460234, 0.47290862085032
97, 0.16666666666667, 1.2246467991474e-16, 0.5
98, 0.33333333333333, 1.2246467991474e-16, 0.5
99, 0.5, 1.2246467991474e-16, 0.5
100, 0.66666666666666, 1.2246467991474e-16, 0.5
101, 0.83333333333333, 1.2246467991474e-16, 0.5
21, 0, -0.16234973460234, 0.47290862085032
22, 0, -0.30710635634483, 0.3945702546982
23, 0, -0.41858323913126, 0.27347407906121
24, 0, -0.48470013296967, 0.1227427435704
25, 0, -0.49829224650333, -0.041289672736167
26, 0, -0.45788666332753, -0.20084771232649
27, 0, -0.36786195533657, -0.33864078581287
28, 0, -0.23797369651854, -0.43973687560324
29, 0, -0.082297295140367, -0.49318065170136
30, 0, 0.082297295140367, -0.49318065170136
31, 0, 0.23797369651854, -0.43973687560324
32, 0, 0.36786195533657, -0.33864078581287
33, 0, 0.45788666332753, -0.20084771232649
34, 0, 0.49829224650333, -0.041289672736168
35, 0, 0.48470013296967, 0.1227427435704
36, 0, 0.41858323913127, 0.27347407906121
37, 0, 0.30710635634484, 0.3945702546982
38, 0, 0.16234973460234, 0.47290862085032
102, 0.84913971082539, 0.45754634719766, 0.20162177502959
103, 0.1323132811913, 0.42006585282501, -0.27119122273849
104, 0.86456194752865, 0.0072502445129134, -0.49994743119102
105, 0.15285217036097, -0.49883228430062, 0.034151898035501
106, 0.15304135654605, -0.31327920219558, -0.38968723544877
107, 0.8818064318467, -0.48442777978188, -0.12381327140333
108, 0.14607501091139, 0.45781545074165, 0.20100998249395
109, 0.86476648279854, 0.4198519376336, -0.27152228355203
110, 0.13551534811448, 0.0072813017626971, -0.4999469798335
111, 0.85834754091459, -0.31018673232094, -0.39215327499851
112, 0.58333333333333, -0.14282613750836, 0.47916666666666
113, 0.8534948311337, -0.45710479718053, 0.20262083899378
114, 0.11830416983312, -0.37240100882454, 0.33364275599279
115, 0.58125782731354, 0.14158065196704, 0.47953614982459
116, 0.26125427735231, 0.13783656998775, 0.48062571713758
117, 0.85106530639164, -0.2524853984028, 0.43156821429917
118, 0.84608545329176, 0.25017847056364, 0.43290961281362
119, 0.25, -0.14282613750835, 0.47916666666667
120, 0.4191078281307, 0.1412347153194, 0.47963815026397
121, 0.50027764413136, 0.27319759032543, 0.41876374800164
122, 0.66650174709477, 0.26751573900028, 0.42241606194265
123, 0.58288644364611, 0.38034047682317, 0.32456297029994
124, 0.41760122365143, 0.38075537178455, 0.32407614361012
125, 0.50018285603272, 0.45693930223638, 0.20299377840645
126, 0.32749505871678, 0.45738706030398, 0.20198286329906
127, 0.41349789613044, 0.49569295238859, 0.065486616589036
128, 0.58160986523754, 0.49570612882611, 0.06538680175874
129, 0.49925677099445, 0.49400157973814, -0.077216832466883
130, 0.33459931408223, 0.49398959060209, -0.077293495048282
131, 0.42150952186866, 0.45297692691227, -0.21168822283046
132, 0.57910592334909, 0.45321485821279, -0.21117834239136
133, 0.50007816998409, 0.37347437120783, -0.33244081285383
134, 0.35066293963143, 0.37071577772877, -0.33551425028298
135, 0.42000156508366, 0.26341047488672, -0.42498814303454
136, 0.58288899431036, 0.26406328011815, -0.42458283537284
137, 0.50050987733255, 0.13352344740737, -0.48184176758813
138, 0.264633920576, 0.25254406109209, -0.43153388882811
139, 0.64067424481813, 0.12278817922948, -0.48468862483197
140, 0.57969524043094, -0.0092027185284309, -0.49991530279807
141, 0.42411384093299, -0.011670885543275, -0.49986377187253
142, 0.50063318959961, -0.14937184902409, -0.4771666907058
143, 0.33731659999001, -0.15252157299323, -0.47616926588312
144, 0.42396792688142, -0.2750967426139, -0.41751860102661
145, 0.58866053329192, -0.27279250252346, -0.41902774438811
146, 0.51317163295807, -0.37922455829287, -0.32586612954951
147, 0.73504454294331, 0.25077784430598, -0.43256268078193
148, 0.30860933866544, -0.37753164450759, -0.32782595595131
149, 0.41787623659884, -0.45834098864488, -0.19980875388238
150, 0.58247166350183, -0.45833054251384, -0.19983271453635
151, 0.50020141930863, -0.49609755878171, -0.062347511344306
152, 0.2650941077547, -0.45829384042721, -0.19991687229065
153, 0.64887128687675, -0.49693219413758, -0.0553027524596
154, 0.58019392492102, -0.49328806363503, 0.081651002903859
155, 0.42299579324839, -0.49294526705891, 0.083695661083597
156, 0.50056510111382, -0.45032919609507, 0.21726392969005
157, 0.33722806391462, -0.45246413926096, 0.21278205441917
158, 0.42499387692666, -0.3746077735515, 0.33116312595878
159, 0.58573830829412, -0.37168695506369, 0.3344380472307
160, 0.25243929195165, 0.38101546933583, 0.32377030766702
161, 0.74609321705639, 0.37554060241415, 0.33010491656202
162, 0.25366009359347, 0.49647382958298, 0.059276779089344
163, 0.15769866902925, 0.4902443449605, -0.098287752208762
164, 0.41687157809691, -0.14271155937465, 0.47920080427818
165, 0.73177889294414, -0.49409734807913, 0.076601635890979
166, 0.66916297556957, 0.45675217144252, 0.20341448788753
167, 0.74358707236866, 0.49613401372992, 0.062056751608832
168, 0.33636878426843, 0.27304064177733, 0.41886609786162
169, 0.66105825651957, 0.49418347592095, -0.076044014404108
170, 0.84010797941657, 0.49067167637721, -0.096131711735387
171, 0.64764390656591, 0.36984787053654, -0.3364707307621
172, 0.36279247076077, 0.12016249952529, -0.48534624105667
173, 0.30715326360523, -0.49699855681723, -0.054703149101184
174, 0.6648814061028, -0.45077373893507, 0.21634009403367
175, 0.75223279781249, -0.37255924842796, 0.33346604986234
176, 0.6687012592714, -0.26284349284816, 0.42533903919977
177, 0.17481425459286, -0.15787777900675, -0.47442028508053
178, 0.82770404314734, -0.15583046003696, -0.47509669302645
179, 0.86504693071806, -0.41850856503388, -0.27358834221012
180, 0.69747687564491, -0.37314778850205, -0.33280734357287
181, 0.16411956238505, -0.45658054286925, 0.20379943050269
182, 0.88107340283997, 0.16605987095104, -0.47161861632014
183, 0.11878898899996, 0.1662887885507, -0.47153795054305
184, 0.65859272430542, -0.14956312328217, -0.47710677227858
185, 0.15612468573041, 0.26109752535274, 0.42641304184403
186, 0.33360456541249, -0.26298071492862, 0.42525421053251
187, 0.50131182494801, -0.26582307444437, 0.42348328549418
188, 0.74311934532208, 0.1336183999696, 0.48181544515464
189, 0.14767170079566, -0.24880810189702, 0.43369866085844
190, 0.74689239038217, -0.13382098193333, 0.48175921869166
191, 0.1441814538315, -0.41681885571619, -0.27615582832786
192, 0.14467621307774, -0.48584027554313, -0.11814917122085
193, 0.73840985122357, -0.46678759215674, -0.17919080280113
194, 0.72147316295745, 0.44570807162874, -0.22659283943891
195, 0.27644234877214, 0.44553914407019, -0.22692481376262
196, 0.11826522971592, 0.30710635634483, -0.3945702546982
197, 0.88178876839996, 0.30710635634483, -0.3945702546982
198, 0.27847589664572, -0.49107432436657, 0.094053218700445
199, 0.2835829438268, -0.26469609077068, -0.42418861315542
200, 0.88432091090654, -0.49829224650333, 0.041289672736166
201, 0.88709919725518, 0.36786195533657, 0.33864078581287
202, 0.27963151520471, -0.023127164378754, -0.49946484788001
203, 0.72045294600393, -0.023111489029872, -0.4994655734631
204, 0.72644354422451, -0.26051343838495, -0.4267701353432
205, 0.27983737002998, -0.38140905847682, 0.3233065574835
206, 0.1146919074654, 0.37109558961642, 0.33509411120944
207, 0.88432668999327, 0.4976124196387, 0.048804506157953
208, 0.11155807009519, 0.49802707801682, 0.044373748568611
209, 0.12238853450132, 0.12091317536975, 0.48515977164436
210, 0.12238853450135, -0.12091317536969, 0.48515977164437
211, 0.89428059357225, -0.36887253964344, 0.33753970062349
212, 0.87902965629825, -0.11926623999031, 0.4855672600151
213, 0.87902965629824, 0.11926623999031, 0.4855672600151
214, 0.77795452454806, 0.36091054906907, -0.34603984679609
215, 0.22178193543512, 0.36101847337813, -0.34592724940329
216, 0.77588880341788, -0.49839581608777, -0.040020126264227
217, 0.23142298882603, 0.089297367970384, -0.49196136034608
218, 0.76919499268227, 0.089232301504641, -0.49197316630908
39, 1, 0.32110452036907, 0.14084950163243
40, 1, -0.2935420072273, -0.19178056498123
41, 1, -0.16309602370227, 0.30168178837773
42, 1, 0.21536604394581, -0.27670229891832
43, 1, 0.33990813925217, -0.086076431046353
44, 1, -0.0022691347211647, -0.35609761370091
45, 1, 0.17100759870621, 0.3117676668123
46, 1, -0.34943995017087, 0.028955419805836
47, 1, 0.39190941655585, 0.032474540122518
48, 1, 0.2478286944097, 0.022838671691689
49, 1, 0.19077668885485, -0.13155350692575
50, 1, 0.091045235968846, 0.011120700205428
51, 1, 0.017851341144257, -0.12397354106733
52, 1, -0.067530729307622, 0.0023082806993005
53, 1, -0.0081186260130399, 0.15214014646264
54, 1, -0.20780278454102, 0.1185749647892
55, 1, 0.0080499261936097, 0.32526993188438
56, 1, -0.13329021354785, -0.14389425341717
57, 1, 0.15483003333594, 0.15528408164685
58, 1, -0.29334247179082, 0.24637117332376
59, 1, -0.23880413901641, -0.047062325445314
60, 1, -0.17164501324163, -0.30511447661295
61, 1, 0.12768890186931, -0.37194506433172
62, 1, 0.087539333979503, -0.24700715309318
63, 1, -0.38121914930381, -0.096537799567824
64, 1, 0.32380315849549, -0.21205501573278
65, 1, 0.28932532123613, 0.26634272100609
66, 1, -0.049313411524543, -0.23545864528057
67, 1, -0.3602513840541, 0.15093686970144
68, 0, 0.32110452036907, 0.14084950163243
69, 0, -0.2935420072273, -0.19178056498123
70, 0, -0.16309602370227, 0.30168178837773
71, 0, 0.21536604394581, -0.27670229891832
72, 0, 0.33990813925217, -0.086076431046353
73, 0, -0.0022691347211647, -0.35609761370091
74, 0, 0.17100759870621, 0.3117676668123
75, 0, -0.34943995017087, 0.028955419805836
76, 0, 0.39190941655585, 0.032474540122518
77, 0, 0.2478286944097, 0.022838671691689
78, 0, 0.19077668885485, -0.13155350692575
79, 0, 0.091045235968846, 0.011120700205428
80, 0, 0.017851341144257, -0.12397354106733
81, 0, -0.067530729307622, 0.0023082806993005
82, 0, -0.0081186260130399, 0.15214014646264
83, 0, -0.20780278454102, 0.1185749647892
84, 0, 0.0080499261936097, 0.32526993188438
85, 0, -0.13329021354785, -0.14389425341717
86, 0, 0.15483003333594, 0.15528408164685
87, 0, -0.29334247179082, 0.24637117332376
88, 0, -0.23880413901641, -0.047062325445314
89, 0, -0.17164501324163, -0.30511447661295
90, 0, 0.12768890186931, -0.37194506433172
91, 0, 0.087539333979503, -0.24700715309318
92, 0, -0.38121914930381, -0.096537799567824
93, 0, 0.32380315849549, -0.21205501573278
94, 0, 0.28932532123613, 0.26634272100609
95, 0, -0.049313411524543, -0.23545864528057
96, 0, -0.3602513840541, 0.15093686970144
219, 0.5045522977034, -3.0131082572604e-06, 1.7143975495015e-05
220, 0.28819684216162, 0.022212478046086, -0.20450283905746
221, 0.71247494507094, -0.089376882181879, -0.18791103058745
222, 0.71520700870026, 0.20354032488615, -0.04853280497661
223, 0.29274660638424, 0.20474101430161, 0.028415291435399
224, 0.29466158462318, -0.032006917339827, 0.20744869827939
225, 0.66463128922173, -0.055853462359243, 0.22438688928454
226, 0.28898455890689, -0.20757843787281, -0.025164788790509
227, 0.65559985019782, -0.240887510328, 0.027003388957823
228, 0.5455035184045, 0.099455305084377, -0.23221278039248
229, 0.50019292693471, 0.18790290753965, 0.1774226820451
230, 0.46802867065843, -0.1566173463721, -0.19754288151434
231, 0.47174890026832, -0.19402260228027, 0.17710986164103
232, 0.74389113080715, 0.17333784911711, 0.19249225408433
233, 0.77504331594792, 0.11977508706614, -0.25117793863827
234, 0.47770071818429, 0.26659724257715, -0.091346217609307
235, 0.77437225071124, -0.01075973025567, 0.023167120214238
236, 0.21206523397714, 0.22536816865951, -0.17419699202133
237, 0.22558381529922, -0.18382727942995, -0.23134283393972
238, 0.21210347352196, -0.00089359931234975, 0.0031144746737992
239, 0.80440047378007, -0.26579334277385, -0.11956507347887
240, 0.19812861819634, -0.22391071793158, 0.20031907160288
241, 0.25172682427173, 0.17917427853398, 0.24110624320645
242, 0.4799105547631, 0.014509963096075, 0.29242420100591
243, 0.82889356885444, 0.31762190984929, 0.061257144142446
244, 0.80862283734989, -0.21046820361343, 0.20931674441188
245, 0.46371025174109, -0.30784794835412, 0.0078418706923621
246, 0.1668062608449, 0.098722660724827, -0.31233343329019
247, 0.58175015101514, -0.073465529721953, -0.32274645114677
248, 0.38696069357243, 0.2041892447357, -0.24688314136201
249, 0.62398838408845, 0.30755335385054, 0.087684021997777
250, 0.16112861749368, 0.32222973420285, -0.0076415405117214
251, 0.62333457933927, -0.24861705382965, -0.15537351115249
252, 0.8180164510155, -0.32571077094351, 0.055373511727616
253, 0.82235496826333, -0.040938079710997, -0.32739847779215
254, 0.80820936131362, 0.057608425788009, 0.32416507430752
255, 0.16268080719016, -0.30680737424583, -0.11601456529563
256, 0.38946101183064, -0.060782268124324, -0.3292794411017
257, 0.83905174705629, 0.26220451946898, -0.16368303058651
258, 0.42677121648815, 0.31616941074104, 0.074276648252112
259, 0.62523178894231, 0.25791187193909, -0.19594029631878
260, 0.14748031884989, -0.054786443727821, -0.15618696905173
261, 0.63634154811454, -0.25950194060703, 0.20418714542597
262, 0.64622615197514, 0.047072952946129, -0.095862123216129
263, 0.39175019235217, 0.10922789295774, -0.086692467207952
264, 0.84994745619919, 0.10224043191227, -0.094343152628891
265, 0.61180896243871, 0.13315141958915, 0.30456217532865
266, 0.78561068584975, -0.21133429620953, -0.27740011082592
267, 0.34150982680272, -0.30157397434192, -0.1663496708219
******* E L E M E N T S *************
*ELEMENT, type=T3D2, ELSET=Line1
153, 1, 3
154, 3, 4
155, 4, 5
156, 5, 6
157, 6, 7
158, 7, 8
159, 8, 9
160, 9, 10
161, 10, 11
162, 11, 12
163, 12, 13
164, 13, 14
165, 14, 15
166, 15, 16
167, 16, 17
168, 17, 18
169, 18, 19
170, 19, 20
171, 20, 1
*ELEMENT, type=T3D2, ELSET=Line2
172, 2, 97
173, 97, 98
174, 98, 99
175, 99, 100
176, 100, 101
177, 101, 1
*ELEMENT, type=T3D2, ELSET=Line3
178, 2, 21
179, 21, 22
180, 22, 23
181, 23, 24
182, 24, 25
183, 25, 26
184, 26, 27
185, 27, 28
186, 28, 29
187, 29, 30
188, 30, 31
189, 31, 32
190, 32, 33
191, 33, 34
192, 34, 35
193, 35, 36
194, 36, 37
195, 37, 38
196, 38, 2
*ELEMENT, type=CPS3, ELSET=Surface1
197, 1, 212, 3
198, 20, 213, 1
199, 101, 212, 1
200, 1, 213, 101
201, 21, 210, 2
202, 2, 209, 38
203, 97, 209, 2
204, 2, 210, 97
205, 3, 117, 4
206, 3, 212, 117
207, 4, 211, 5
208, 117, 211, 4
209, 5, 113, 6
210, 5, 211, 113
211, 6, 200, 7
212, 113, 200, 6
213, 7, 107, 8
214, 7, 200, 107
215, 8, 179, 9
216, 107, 179, 8
217, 9, 111, 10
218, 9, 179, 111
219, 10, 178, 11
220, 111, 178, 10
221, 11, 104, 12
222, 11, 178, 104
223, 12, 182, 13
224, 104, 182, 12
225, 13, 197, 14
226, 182, 197, 13
227, 14, 109, 15
228, 14, 197, 109
229, 15, 170, 16
230, 109, 170, 15
231, 16, 207, 17
232, 170, 207, 16
233, 17, 102, 18
234, 17, 207, 102
235, 18, 201, 19
236, 102, 201, 18
237, 19, 118, 20
238, 19, 201, 118
239, 118, 213, 20
240, 22, 189, 21
241, 189, 210, 21
242, 23, 114, 22
243, 114, 189, 22
244, 24, 181, 23
245, 23, 181, 114
246, 25, 105, 24
247, 105, 181, 24
248, 26, 192, 25
249, 25, 192, 105
250, 27, 191, 26
251, 191, 192, 26
252, 28, 106, 27
253, 106, 191, 27
254, 29, 177, 28
255, 28, 177, 106
256, 30, 110, 29
257, 110, 177, 29
258, 31, 183, 30
259, 30, 183, 110
260, 32, 196, 31
261, 31, 196, 183
262, 33, 103, 32
263, 103, 196, 32
264, 34, 163, 33
265, 33, 163, 103
266, 35, 208, 34
267, 34, 208, 163
268, 36, 108, 35
269, 108, 208, 35
270, 37, 206, 36
271, 36, 206, 108
272, 38, 185, 37
273, 185, 206, 37
274, 38, 209, 185
275, 98, 116, 97
276, 97, 119, 98
277, 116, 209, 97
278, 97, 210, 119
279, 99, 120, 98
280, 98, 164, 99
281, 98, 120, 116
282, 119, 164, 98
283, 99, 112, 100
284, 100, 115, 99
285, 99, 164, 112
286, 115, 120, 99
287, 101, 188, 100
288, 100, 190, 101
289, 112, 190, 100
290, 100, 188, 115
291, 101, 213, 188
292, 190, 212, 101
293, 102, 166, 161
294, 161, 201, 102
295, 102, 167, 166
296, 102, 207, 167
297, 163, 195, 103
298, 195, 215, 103
299, 103, 215, 196
300, 178, 203, 104
301, 104, 218, 182
302, 203, 218, 104
303, 105, 192, 173
304, 173, 198, 105
305, 105, 198, 181
306, 148, 191, 106
307, 106, 199, 148
308, 177, 199, 106
309, 107, 193, 179
310, 107, 216, 193
311, 200, 216, 107
312, 108, 160, 126
313, 126, 162, 108
314, 108, 206, 160
315, 162, 208, 108
316, 109, 194, 170
317, 109, 214, 194
318, 197, 214, 109
319, 110, 202, 177
320, 183, 217, 110
321, 110, 217, 202
322, 111, 204, 178
323, 179, 180, 111
324, 180, 204, 111
325, 164, 187, 112
326, 112, 187, 176
327, 176, 190, 112
328, 113, 174, 165
329, 165, 200, 113
330, 113, 175, 174
331, 113, 211, 175
332, 181, 205, 114
333, 114, 205, 189
334, 115, 121, 120
335, 115, 122, 121
336, 115, 188, 122
337, 120, 168, 116
338, 168, 185, 116
339, 185, 209, 116
340, 117, 176, 175
341, 175, 211, 117
342, 117, 190, 176
343, 117, 212, 190
344, 118, 161, 122
345, 122, 188, 118
346, 118, 201, 161
347, 188, 213, 118
348, 119, 186, 164
349, 119, 189, 186
350, 119, 210, 189
351, 121, 168, 120
352, 122, 123, 121
353, 123, 124, 121
354, 124, 168, 121
355, 122, 161, 123
356, 123, 125, 124
357, 123, 166, 125
358, 161, 166, 123
359, 125, 126, 124
360, 126, 160, 124
361, 160, 168, 124
362, 125, 127, 126
363, 125, 128, 127
364, 125, 166, 128
365, 127, 162, 126
366, 128, 129, 127
367, 129, 130, 127
368, 130, 162, 127
369, 128, 169, 129
370, 166, 167, 128
371, 167, 169, 128
372, 129, 131, 130
373, 129, 132, 131
374, 129, 169, 132
375, 131, 195, 130
376, 130, 163, 162
377, 130, 195, 163
378, 132, 133, 131
379, 133, 134, 131
380, 134, 195, 131
381, 132, 171, 133
382, 169, 194, 132
383, 132, 194, 171
384, 133, 135, 134
385, 133, 136, 135
386, 133, 171, 136
387, 135, 138, 134
388, 138, 215, 134
389, 134, 215, 195
390, 136, 137, 135
391, 137, 172, 135
392, 135, 172, 138
393, 136, 139, 137
394, 136, 147, 139
395, 136, 171, 147
396, 139, 140, 137
397, 140, 141, 137
398, 141, 172, 137
399, 172, 217, 138
400, 183, 196, 138
401, 138, 217, 183
402, 196, 215, 138
403, 139, 203, 140
404, 147, 218, 139
405, 139, 218, 203
406, 140, 142, 141
407, 140, 184, 142
408, 140, 203, 184
409, 142, 143, 141
410, 143, 202, 141
411, 141, 202, 172
412, 142, 144, 143
413, 142, 145, 144
414, 142, 184, 145
415, 144, 199, 143
416, 143, 199, 177
417, 177, 202, 143
418, 145, 146, 144
419, 146, 148, 144
420, 148, 199, 144
421, 145, 180, 146
422, 145, 204, 180
423, 184, 204, 145
424, 146, 149, 148
425, 146, 150, 149
426, 146, 180, 150
427, 171, 214, 147
428, 147, 197, 182
429, 182, 218, 147
430, 147, 214, 197
431, 149, 152, 148
432, 152, 191, 148
433, 150, 151, 149
434, 151, 173, 149
435, 149, 173, 152
436, 150, 153, 151
437, 150, 193, 153
438, 180, 193, 150
439, 153, 154, 151
440, 154, 155, 151
441, 155, 173, 151
442, 173, 192, 152
443, 152, 192, 191
444, 153, 165, 154
445, 153, 216, 165
446, 193, 216, 153
447, 154, 156, 155
448, 154, 174, 156
449, 165, 174, 154
450, 156, 157, 155
451, 157, 198, 155
452, 155, 198, 173
453, 156, 158, 157
454, 156, 159, 158
455, 156, 174, 159
456, 158, 205, 157
457, 181, 198, 157
458, 157, 205, 181
459, 159, 187, 158
460, 158, 187, 186
461, 186, 205, 158
462, 174, 175, 159
463, 175, 176, 159
464, 176, 187, 159
465, 160, 185, 168
466, 160, 206, 185
467, 163, 208, 162
468, 186, 187, 164
469, 165, 216, 200
470, 167, 170, 169
471, 167, 207, 170
472, 170, 194, 169
473, 194, 214, 171
474, 202, 217, 172
475, 184, 203, 178
476, 178, 204, 184
477, 179, 193, 180
478, 189, 205, 186
*ELEMENT, type=CPS3, ELSET=Surface2
1, 3, 55, 1
2, 1, 55, 20
3, 4, 41, 3
4, 41, 55, 3
5, 5, 58, 4
6, 4, 58, 41
7, 6, 67, 5
8, 5, 67, 58
9, 7, 46, 6
10, 46, 67, 6
11, 8, 63, 7
12, 7, 63, 46
13, 9, 40, 8
14, 40, 63, 8
15, 10, 60, 9
16, 9, 60, 40
17, 11, 60, 10
18, 12, 44, 11
19, 44, 60, 11
20, 13, 61, 12
21, 12, 61, 44
22, 14, 42, 13
23, 42, 61, 13
24, 15, 64, 14
25, 14, 64, 42
26, 16, 43, 15
27, 43, 64, 15
28, 17, 47, 16
29, 16, 47, 43
30, 18, 39, 17
31, 39, 47, 17
32, 19, 65, 18
33, 18, 65, 39
34, 20, 45, 19
35, 45, 65, 19
36, 20, 55, 45
37, 39, 48, 47
38, 39, 57, 48
39, 39, 65, 57
40, 56, 59, 40
41, 40, 60, 56
42, 59, 63, 40
43, 41, 54, 53
44, 53, 55, 41
45, 41, 58, 54
46, 49, 62, 42
47, 42, 64, 49
48, 42, 62, 61
49, 47, 48, 43
50, 48, 49, 43
51, 49, 64, 43
52, 44, 66, 60
53, 61, 62, 44
54, 62, 66, 44
55, 55, 57, 45
56, 57, 65, 45
57, 46, 59, 54
58, 54, 67, 46
59, 46, 63, 59
60, 48, 50, 49
61, 48, 57, 50
62, 50, 51, 49
63, 51, 62, 49
64, 50, 52, 51
65, 50, 53, 52
66, 50, 57, 53
67, 52, 56, 51
68, 56, 66, 51
69, 51, 66, 62
70, 53, 54, 52
71, 54, 59, 52
72, 52, 59, 56
73, 53, 57, 55
74, 58, 67, 54
75, 60, 66, 56
*ELEMENT, type=CPS3, ELSET=Surface3
76, 21, 2, 84
77, 2, 38, 84
78, 22, 21, 70
79, 70, 21, 84
80, 23, 22, 87
81, 22, 70, 87
82, 24, 23, 96
83, 23, 87, 96
84, 25, 24, 75
85, 75, 24, 96
86, 26, 25, 92
87, 25, 75, 92
88, 27, 26, 69
89, 69, 26, 92
90, 28, 27, 89
91, 27, 69, 89
92, 29, 28, 89
93, 30, 29, 73
94, 73, 29, 89
95, 31, 30, 90
96, 30, 73, 90
97, 32, 31, 71
98, 71, 31, 90
99, 33, 32, 93
100, 32, 71, 93
101, 34, 33, 72
102, 72, 33, 93
103, 35, 34, 76
104, 34, 72, 76
105, 36, 35, 68
106, 68, 35, 76
107, 37, 36, 94
108, 36, 68, 94
109, 38, 37, 74
110, 74, 37, 94
111, 38, 74, 84
112, 68, 76, 77
113, 68, 77, 86
114, 68, 86, 94
115, 85, 69, 88
116, 69, 85, 89
117, 88, 69, 92
118, 70, 82, 83
119, 82, 70, 84
120, 70, 83, 87
121, 78, 71, 91
122, 71, 78, 93
123, 71, 90, 91
124, 76, 72, 77
125, 77, 72, 78
126, 78, 72, 93
127, 73, 89, 95
128, 90, 73, 91
129, 91, 73, 95
130, 84, 74, 86
131, 86, 74, 94
132, 75, 83, 88
133, 83, 75, 96
134, 75, 88, 92
135, 77, 78, 79
136, 77, 79, 86
137, 79, 78, 80
138, 80, 78, 91
139, 79, 80, 81
140, 79, 81, 82
141, 79, 82, 86
142, 81, 80, 85
143, 85, 80, 95
144, 80, 91, 95
145, 82, 81, 83
146, 83, 81, 88
147, 81, 85, 88
148, 82, 84, 86
149, 87, 83, 96
150, 89, 85, 95
*ELEMENT, type=C3D4, ELSET=Volume1
479, 219, 222, 232, 262
480, 219, 222, 229, 232
481, 219, 232, 235, 262
482, 210, 97, 119, 224
483, 198, 226, 157, 245
484, 222, 234, 229, 249
485, 219, 229, 225, 232
486, 219, 232, 225, 235
487, 223, 224, 219, 229
488, 56, 235, 221, 239
489, 105, 75, 240, 255
490, 222, 219, 229, 234
491, 164, 231, 224, 242
492, 112, 225, 187, 231
493, 116, 224, 97, 241
494, 130, 234, 223, 236
495, 187, 225, 112, 261
496, 116, 98, 224, 242
497, 222, 235, 232, 262
498, 116, 98, 97, 224
499, 164, 186, 224, 231
500, 112, 231, 187, 242
501, 221, 235, 56, 264
502, 130, 236, 223, 250
503, 225, 231, 112, 242
504, 210, 224, 119, 240
505, 187, 231, 225, 261
506, 116, 97, 209, 241
507, 237, 246, 220, 256
508, 223, 241, 126, 250
509, 220, 238, 226, 263
510, 198, 157, 226, 240
511, 219, 221, 227, 251
512, 221, 219, 227, 262
513, 157, 240, 231, 245
514, 219, 224, 226, 231
515, 108, 126, 241, 250
516, 237, 246, 73, 260
517, 116, 120, 98, 242
518, 168, 229, 120, 242
519, 219, 238, 223, 263
520, 108, 241, 68, 250
521, 130, 195, 234, 236
522, 219, 230, 227, 245
523, 219, 224, 223, 238
524, 116, 224, 241, 242
525, 157, 226, 240, 245
526, 168, 121, 120, 229
527, 225, 244, 235, 254
528, 219, 226, 238, 263
529, 98, 119, 97, 224
530, 116, 241, 120, 242
531, 227, 239, 235, 252
532, 97, 224, 84, 241
533, 164, 119, 98, 224
534, 210, 84, 97, 224
535, 219, 234, 222, 262
536, 232, 243, 50, 264
537, 219, 226, 224, 238
538, 168, 120, 241, 242
539, 52, 235, 56, 239
540, 219, 227, 230, 251
541, 139, 203, 233, 247
542, 97, 84, 209, 241
543, 78, 80, 236, 238
544, 203, 233, 247, 253
545, 120, 229, 121, 242
546, 236, 238, 80, 260
547, 168, 241, 229, 242
548, 177, 73, 237, 246
549, 52, 54, 235, 252
550, 225, 227, 219, 235
551, 50, 235, 232, 264
552, 164, 186, 119, 224
553, 228, 248, 137, 256
554, 139, 233, 228, 247
555, 164, 187, 231, 242
556, 227, 245, 230, 251
557, 229, 232, 222, 249
558, 219, 230, 221, 251
559, 219, 227, 225, 231
560, 224, 219, 229, 242
561, 98, 164, 224, 242
562, 172, 137, 248, 256
563, 68, 108, 206, 241
564, 206, 94, 68, 241
565, 83, 75, 88, 255
566, 210, 70, 224, 240
567, 231, 240, 226, 245
568, 195, 234, 236, 248
569, 91, 246, 236, 260
570, 221, 227, 235, 262
571, 96, 181, 75, 240
572, 80, 91, 236, 260
573, 181, 198, 105, 240
574, 224, 229, 223, 241
575, 219, 221, 230, 262
576, 153, 216, 239, 252
577, 136, 228, 139, 233
578, 219, 226, 230, 245
579, 190, 212, 244, 254
580, 164, 112, 187, 242
581, 130, 223, 234, 258
582, 235, 54, 244, 252
583, 78, 79, 80, 238
584, 219, 231, 226, 245
585, 52, 59, 54, 252
586, 181, 105, 75, 240
587, 225, 229, 219, 242
588, 169, 243, 222, 257
589, 219, 227, 231, 245
590, 78, 77, 79, 250
591, 219, 235, 227, 262
592, 81, 83, 226, 238
593, 172, 246, 220, 248
594, 227, 235, 244, 252
595, 83, 88, 226, 255
596, 81, 226, 88, 260
597, 78, 80, 91, 236
598, 126, 223, 250, 258
599, 131, 234, 195, 248
600, 75, 83, 240, 255
601, 224, 238, 82, 241
602, 164, 187, 186, 231
603, 172, 248, 220, 256
604, 221, 235, 227, 239
605, 130, 195, 131, 234
606, 139, 203, 218, 233
607, 48, 50, 243, 264
608, 219, 224, 231, 242
609, 224, 231, 186, 240
610, 126, 241, 223, 258
611, 235, 244, 53, 254
612, 195, 236, 130, 250
613, 176, 187, 112, 261
614, 229, 234, 219, 263
615, 136, 139, 147, 233
616, 218, 233, 203, 253
617, 220, 230, 228, 263
618, 84, 210, 70, 224
619, 81, 238, 226, 260
620, 222, 243, 232, 264
621, 136, 228, 233, 259
622, 198, 226, 173, 255
623, 190, 244, 225, 254
624, 81, 83, 88, 226
625, 66, 62, 253, 264
626, 223, 229, 219, 263
627, 172, 220, 246, 256
628, 177, 110, 73, 246
629, 219, 231, 225, 242
630, 225, 232, 229, 265
631, 126, 250, 162, 258
632, 228, 230, 220, 256
633, 153, 239, 227, 252
634, 176, 112, 225, 261
635, 229, 241, 124, 258
636, 100, 225, 112, 242
637, 169, 249, 234, 259
638, 52, 56, 59, 239
639, 153, 227, 239, 251
640, 137, 247, 228, 256
641, 86, 238, 223, 241
642, 169, 170, 243, 257
643, 226, 238, 83, 240
644, 226, 240, 83, 255
645, 157, 231, 156, 245
646, 130, 250, 223, 258
647, 88, 226, 255, 260
648, 126, 124, 241, 258
649, 108, 126, 160, 241
650, 177, 202, 110, 246
651, 56, 239, 221, 266
652, 86, 79, 223, 238
653, 220, 246, 237, 260
654, 194, 169, 222, 257
655, 186, 119, 224, 240
656, 201, 65, 232, 243
657, 219, 228, 230, 263
658, 86, 68, 241, 250
659, 42, 182, 61, 233
660, 153, 245, 227, 251
661, 232, 235, 222, 264
662, 220, 238, 236, 260
663, 190, 212, 117, 244
664, 84, 74, 209, 241
665, 169, 222, 249, 259
666, 105, 198, 173, 255
667, 112, 100, 190, 225
668, 198, 173, 226, 245
669, 139, 137, 140, 247
670, 220, 230, 226, 237
671, 221, 247, 230, 262
672, 136, 233, 147, 259
673, 50, 232, 57, 243
674, 229, 258, 234, 263
675, 124, 121, 168, 229
676, 137, 141, 247, 256
677, 86, 241, 223, 250
678, 182, 61, 233, 253
679, 129, 234, 169, 249
680, 124, 229, 168, 241
681, 156, 154, 245, 261
682, 121, 242, 229, 265
683, 194, 222, 169, 259
684, 139, 228, 137, 247
685, 194, 257, 222, 259
686, 172, 246, 217, 256
687, 144, 237, 230, 256
688, 230, 247, 228, 262
689, 176, 225, 190, 244
690, 210, 119, 189, 240
691, 61, 62, 233, 253
692, 126, 108, 162, 250
693, 199, 237, 144, 256
694, 169, 222, 243, 249
695, 154, 227, 153, 245
696, 153, 216, 193, 239
697, 227, 245, 154, 261
698, 219, 230, 228, 262
699, 225, 242, 100, 265
700, 201, 39, 65, 243
701, 112, 190, 176, 225
702, 133, 248, 136, 259
703, 155, 198, 157, 245
704, 145, 247, 251, 266
705, 53, 232, 235, 254
706, 140, 137, 141, 247
707, 66, 51, 62, 264
708, 229, 241, 224, 242
709, 99, 100, 112, 242
710, 89, 177, 73, 237
711, 123, 229, 249, 265
712, 245, 251, 149, 267
713, 132, 169, 234, 259
714, 212, 41, 244, 254
715, 118, 65, 45, 232
716, 227, 235, 225, 244
717, 57, 232, 50, 235
718, 158, 156, 157, 231
719, 226, 231, 224, 240
720, 172, 138, 246, 248
721, 158, 157, 205, 231
722, 86, 82, 238, 241
723, 221, 247, 233, 253
724, 132, 169, 129, 234
725, 233, 253, 62, 264
726, 135, 137, 136, 228
727, 136, 248, 228, 259
728, 84, 224, 82, 241
729, 229, 223, 258, 263
730, 201, 65, 118, 232
731, 130, 162, 250, 258
732, 123, 249, 232, 265
733, 144, 230, 237, 267
734, 153, 239, 193, 251
735, 201, 161, 102, 243
736, 190, 225, 100, 254
737, 205, 186, 158, 231
738, 225, 229, 242, 265
739, 82, 238, 224, 240
740, 236, 246, 220, 260
741, 201, 232, 161, 243
742, 48, 50, 57, 243
743, 225, 231, 227, 261
744, 108, 160, 206, 241
745, 72, 93, 103, 236
746, 225, 235, 232, 254
747, 145, 247, 230, 251
748, 194, 170, 169, 257
749, 120, 242, 121, 265
750, 137, 228, 135, 248
751, 201, 102, 39, 243
752, 135, 228, 136, 248
753, 236, 238, 220, 263
754, 217, 246, 202, 256
755, 126, 124, 160, 241
756, 83, 81, 82, 238
757, 221, 253, 233, 264
758, 151, 245, 153, 251
759, 144, 237, 199, 267
760, 129, 234, 249, 258
761, 219, 234, 262, 263
762, 156, 245, 231, 261
763, 120, 116, 168, 241
764, 223, 238, 224, 241
765, 157, 205, 231, 240
766, 145, 204, 247, 266
767, 77, 68, 86, 250
768, 129, 249, 128, 258
769, 185, 209, 74, 241
770, 223, 238, 236, 263
771, 165, 153, 154, 227
772, 70, 82, 224, 240
773, 129, 169, 128, 249
774, 72, 236, 103, 250
775, 42, 61, 62, 233
776, 234, 249, 222, 259
777, 157, 156, 155, 245
778, 220, 248, 228, 256
779, 186, 187, 158, 231
780, 197, 182, 42, 233
781, 229, 249, 234, 258
782, 83, 238, 82, 240
783, 220, 226, 238, 260
784, 182, 104, 61, 253
785, 153, 227, 165, 252
786, 196, 93, 71, 236
787, 139, 136, 137, 228
788, 220, 237, 226, 260
789, 145, 144, 230, 247
790, 223, 236, 234, 263
791, 165, 154, 174, 227
792, 205, 186, 231, 240
793, 174, 227, 154, 261
794, 198, 181, 157, 240
795, 172, 217, 202, 256
796, 153, 165, 216, 252
797, 141, 137, 172, 256
798, 88, 255, 85, 260
799, 236, 248, 234, 263
800, 161, 232, 123, 249
801, 61, 44, 62, 253
802, 228, 262, 234, 263
803, 133, 135, 136, 248
804, 177, 237, 143, 256
805, 172, 137, 135, 248
806, 176, 225, 244, 261
807, 52, 54, 53, 235
808, 54, 53, 235, 244
809, 184, 253, 247, 266
810, 196, 215, 236, 246
811, 224, 238, 226, 240
812, 147, 233, 214, 259
813, 100, 254, 225, 265
814, 45, 118, 232, 254
815, 230, 251, 245, 267
816, 85, 81, 88, 260
817, 139, 140, 203, 247
818, 99, 100, 242, 265
819, 169, 243, 167, 249
820, 145, 142, 144, 247
821, 174, 252, 227, 261
822, 214, 233, 257, 259
823, 146, 149, 251, 267
824, 146, 251, 230, 267
825, 202, 177, 143, 256
826, 84, 86, 74, 241
827, 151, 153, 150, 251
828, 174, 165, 227, 252
829, 197, 233, 42, 257
830, 84, 70, 82, 224
831, 94, 86, 68, 241
832, 104, 44, 61, 253
833, 63, 239, 107, 252
834, 125, 123, 229, 249
835, 204, 184, 247, 266
836, 221, 251, 247, 266
837, 197, 214, 233, 257
838, 123, 124, 125, 229
839, 131, 133, 234, 248
840, 138, 236, 215, 246
841, 99, 115, 100, 265
842, 158, 159, 156, 231
843, 227, 221, 239, 251
844, 48, 243, 257, 264
845, 123, 161, 122, 265
846, 223, 241, 229, 258
847, 96, 75, 83, 240
848, 236, 246, 138, 248
849, 53, 232, 57, 235
850, 164, 99, 112, 242
851, 123, 232, 161, 265
852, 130, 234, 129, 258
853, 228, 247, 230, 256
854, 117, 176, 190, 244
855, 125, 229, 124, 258
856, 210, 189, 70, 240
857, 159, 156, 231, 261
858, 41, 117, 212, 244
859, 196, 138, 215, 246
860, 196, 236, 71, 246
861, 132, 131, 133, 234
862, 234, 259, 222, 262
863, 40, 239, 56, 266
864, 199, 143, 237, 256
865, 131, 195, 134, 248
866, 158, 187, 159, 231
867, 159, 231, 187, 261
868, 138, 215, 236, 248
869, 161, 123, 166, 249
870, 123, 121, 124, 229
871, 228, 259, 234, 262
872, 56, 66, 60, 266
873, 173, 226, 245, 267
874, 146, 145, 230, 251
875, 103, 93, 196, 236
876, 232, 249, 229, 265
877, 234, 248, 133, 259
878, 191, 237, 69, 255
879, 173, 255, 226, 267
880, 102, 161, 166, 243
881, 71, 236, 91, 246
882, 145, 204, 184, 247
883, 191, 106, 69, 237
884, 230, 237, 220, 256
885, 185, 74, 94, 241
886, 107, 239, 216, 252
887, 163, 72, 103, 250
888, 225, 227, 244, 261
889, 94, 206, 185, 241
890, 132, 234, 133, 259
891, 195, 163, 236, 250
892, 143, 177, 199, 237
893, 147, 197, 214, 233
894, 121, 229, 123, 265
895, 174, 244, 252, 261
896, 247, 253, 221, 266
897, 91, 71, 78, 236
898, 163, 103, 236, 250
899, 208, 108, 76, 250
900, 218, 182, 233, 253
901, 66, 253, 60, 266
902, 144, 199, 148, 267
903, 68, 76, 108, 250
904, 150, 146, 149, 251
905, 98, 99, 164, 242
906, 130, 131, 129, 234
907, 198, 155, 173, 245
908, 145, 251, 180, 266
909, 195, 130, 163, 250
910, 174, 154, 156, 261
911, 220, 228, 248, 263
912, 161, 232, 122, 265
913, 200, 63, 107, 252
914, 195, 236, 134, 248
915, 125, 249, 229, 258
916, 42, 233, 62, 257
917, 53, 57, 50, 235
918, 185, 116, 209, 241
919, 151, 154, 153, 245
920, 84, 82, 86, 241
921, 92, 75, 105, 255
922, 203, 247, 184, 253
923, 139, 218, 147, 233
924, 45, 65, 57, 232
925, 190, 101, 212, 254
926, 174, 244, 113, 252
927, 170, 43, 243, 257
928, 161, 201, 118, 232
929, 217, 172, 138, 246
930, 115, 120, 121, 265
931, 147, 182, 197, 233
932, 113, 58, 67, 244
933, 171, 147, 214, 259
934, 169, 170, 167, 243
935, 145, 144, 146, 230
936, 63, 179, 107, 239
937, 234, 258, 223, 263
938, 69, 237, 85, 255
939, 72, 78, 93, 236
940, 226, 237, 230, 267
941, 232, 254, 122, 265
942, 62, 257, 233, 264
943, 86, 82, 79, 238
944, 122, 254, 188, 265
945, 57, 232, 53, 254
946, 63, 40, 179, 239
947, 200, 46, 63, 252
948, 199, 237, 148, 267
949, 130, 129, 127, 258
950, 118, 122, 232, 254
951, 163, 103, 195, 236
952, 134, 236, 215, 248
953, 146, 230, 144, 267
954, 90, 196, 71, 246
955, 222, 257, 243, 264
956, 118, 188, 122, 254
957, 221, 233, 262, 264
958, 59, 239, 63, 252
959, 59, 63, 46, 252
960, 192, 92, 105, 255
961, 170, 43, 47, 243
962, 48, 243, 43, 257
963, 230, 245, 226, 267
964, 120, 99, 98, 242
965, 215, 103, 196, 236
966, 72, 78, 236, 250
967, 212, 55, 41, 254
968, 175, 244, 174, 261
969, 85, 255, 237, 260
970, 199, 144, 143, 256
971, 195, 215, 134, 236
972, 186, 189, 119, 240
973, 221, 262, 235, 264
974, 49, 48, 257, 264
975, 237, 255, 226, 260
976, 94, 74, 86, 241
977, 204, 145, 180, 266
978, 127, 162, 130, 258
979, 175, 113, 174, 244
980, 220, 246, 236, 248
981, 49, 42, 62, 257
982, 106, 89, 69, 237
983, 49, 257, 62, 264
984, 214, 257, 194, 259
985, 231, 245, 227, 261
986, 113, 244, 67, 252
987, 136, 147, 171, 259
988, 176, 159, 187, 261
989, 181, 96, 87, 240
990, 101, 190, 100, 254
991, 188, 254, 100, 265
992, 194, 169, 132, 259
993, 113, 211, 58, 244
994, 131, 134, 133, 248
995, 129, 128, 127, 258
996, 132, 129, 131, 234
997, 138, 172, 135, 248
998, 230, 247, 221, 251
999, 124, 168, 160, 241
1000, 179, 239, 40, 266
1001, 207, 170, 47, 243
1002, 218, 104, 182, 253
1003, 90, 183, 196, 246
1004, 153, 193, 150, 251
1005, 118, 122, 161, 232
1006, 237, 255, 191, 267
1007, 197, 42, 64, 257
1008, 45, 232, 57, 254
1009, 40, 56, 60, 266
1010, 200, 107, 216, 252
1011, 155, 156, 154, 245
1012, 193, 239, 180, 251
1013, 216, 107, 193, 239
1014, 184, 204, 178, 266
1015, 64, 43, 109, 257
1016, 180, 251, 239, 266
1017, 181, 87, 114, 240
1018, 207, 47, 39, 243
1019, 217, 110, 202, 246
1020, 219, 262, 228, 263
1021, 184, 178, 253, 266
1022, 152, 191, 255, 267
1023, 218, 182, 147, 233
1024, 138, 134, 215, 248
1025, 233, 259, 228, 262
1026, 173, 245, 149, 267
1027, 111, 179, 40, 266
1028, 93, 78, 71, 236
1029, 192, 105, 173, 255
1030, 126, 125, 124, 258
1031, 69, 89, 85, 237
1032, 142, 247, 141, 256
1033, 222, 259, 233, 262
1034, 180, 239, 179, 266
1035, 89, 106, 177, 237
1036, 140, 141, 142, 247
1037, 90, 73, 110, 246
1038, 52, 235, 50, 264
1039, 90, 110, 183, 246
1040, 228, 248, 234, 259
1041, 220, 248, 236, 263
1042, 173, 152, 255, 267
1043, 173, 151, 149, 245
1044, 115, 188, 100, 265
1045, 125, 166, 123, 249
1046, 48, 43, 49, 257
1047, 128, 249, 125, 258
1048, 44, 66, 62, 253
1049, 193, 179, 180, 239
1050, 170, 109, 43, 257
1051, 146, 180, 145, 251
1052, 197, 64, 109, 257
1053, 232, 243, 222, 249
1054, 167, 243, 166, 249
1055, 176, 244, 175, 261
1056, 58, 211, 41, 244
1057, 148, 237, 191, 267
1058, 121, 123, 122, 265
1059, 162, 108, 208, 250
1060, 53, 50, 52, 235
1061, 175, 176, 117, 244
1062, 172, 202, 141, 256
1063, 40, 60, 111, 266
1064, 208, 35, 76, 108
1065, 126, 162, 127, 258
1066, 68, 76, 35, 108
1067, 67, 244, 54, 252
1068, 191, 69, 92, 255
1069, 128, 169, 167, 249
1070, 54, 67, 58, 244
1071, 103, 33, 93, 72
1072, 26, 191, 69, 92
1073, 79, 81, 80, 238
1074, 72, 77, 78, 250
1075, 64, 43, 15, 109
1076, 152, 148, 191, 267
1077, 70, 83, 82, 240
1078, 234, 248, 228, 263
1079, 105, 92, 25, 75
1080, 199, 177, 106, 237
1081, 45, 213, 118, 254
1082, 56, 40, 59, 239
1083, 227, 252, 244, 261
1084, 136, 171, 133, 259
1085, 55, 212, 101, 254
1086, 103, 215, 195, 236
1087, 85, 237, 89, 260
1088, 26, 191, 92, 192
1089, 85, 89, 95, 260
1090, 214, 194, 171, 259
1091, 191, 92, 192, 255
1092, 80, 238, 81, 260
1093, 61, 12, 104, 182
1094, 207, 39, 102, 243
1095, 222, 257, 233, 259
1096, 163, 76, 72, 250
1097, 178, 60, 253, 266
1098, 61, 104, 12, 44
1099, 90, 31, 71, 196
1100, 59, 40, 63, 239
1101, 206, 160, 185, 241
1102, 173, 152, 192, 255
1103, 127, 128, 125, 258
1104, 148, 146, 144, 267
1105, 174, 113, 165, 252
1106, 90, 30, 183, 110
1107, 166, 167, 102, 243
1108, 73, 30, 90, 110
1109, 107, 179, 193, 239
1110, 114, 22, 189, 87
1111, 225, 254, 232, 265
1112, 52, 50, 51, 264
1113, 233, 222, 262, 264
1114, 191, 148, 106, 237
1115, 175, 211, 113, 244
1116, 163, 34, 72, 76
1117, 79, 82, 81, 238
1118, 192, 92, 25, 105
1119, 200, 67, 46, 252
1120, 91, 80, 95, 260
1121, 130, 162, 163, 250
1122, 168, 116, 185, 241
1123, 144, 142, 143, 256
1124, 203, 184, 178, 253
1125, 170, 16, 47, 43
1126, 109, 214, 197, 257
1127, 47, 43, 48, 243
1128, 157, 181, 205, 240
1129, 73, 177, 29, 110
1130, 183, 31, 90, 196
1131, 106, 27, 191, 69
1132, 163, 208, 76, 250
1133, 88, 69, 85, 255
1134, 117, 41, 211, 244
1135, 54, 41, 53, 244
1136, 183, 138, 196, 246
1137, 49, 50, 48, 264
1138, 96, 83, 87, 240
1139, 60, 44, 11, 253
1140, 107, 63, 8, 179
1141, 45, 57, 55, 254
1142, 40, 8, 63, 179
1143, 103, 33, 72, 163
1144, 113, 67, 200, 252
1145, 57, 39, 48, 243
1146, 150, 193, 180, 251
1147, 43, 170, 15, 109
1148, 173, 155, 151, 245
1149, 34, 163, 208, 76
1150, 207, 16, 47, 170
1151, 178, 111, 60, 266
1152, 89, 73, 177, 29
1153, 211, 4, 58, 41
1154, 100, 188, 101, 254
1155, 63, 7, 200, 107
1156, 197, 14, 64, 42
1157, 203, 140, 184, 247
1158, 194, 109, 170, 257
1159, 32, 71, 196, 93
1160, 60, 11, 178, 253
1161, 235, 262, 222, 264
1162, 11, 44, 104, 253
1163, 69, 106, 27, 89
1164, 159, 174, 156, 261
1165, 239, 251, 221, 266
1166, 111, 9, 40, 179
1167, 135, 134, 138, 248
1168, 142, 145, 184, 247
1169, 67, 113, 5, 58
1170, 199, 106, 148, 237
1171, 77, 76, 68, 250
1172, 200, 46, 7, 63
1173, 46, 54, 59, 252
1174, 167, 170, 207, 243
1175, 175, 117, 211, 244
1176, 109, 194, 214, 257
1177, 135, 133, 134, 248
1178, 71, 91, 90, 246
1179, 118, 19, 45, 65
1180, 212, 1, 55, 101
1181, 233, 257, 222, 264
1182, 125, 128, 166, 249
1183, 84, 97, 2, 210
1184, 213, 45, 55, 254
1185, 11, 104, 178, 253
1186, 103, 32, 196, 93
1187, 160, 168, 185, 241
1188, 146, 150, 180, 251
1189, 132, 133, 171, 259
1190, 109, 14, 64, 197
1191, 46, 67, 54, 252
1192, 58, 113, 5, 211
1193, 94, 185, 37, 74
1194, 19, 118, 201, 65
1195, 155, 154, 151, 245
1196, 101, 213, 55, 254
1197, 92, 88, 75, 255
1198, 205, 189, 186, 240
1199, 55, 1, 213, 101
1200, 127, 125, 126, 258
1201, 211, 117, 4, 41
1202, 40, 60, 9, 111
1203, 55, 57, 53, 254
1204, 209, 97, 2, 84
1205, 176, 175, 159, 261
1206, 60, 66, 44, 253
1207, 185, 206, 94, 37
1208, 115, 122, 188, 265
1209, 167, 166, 128, 249
1210, 70, 189, 22, 87
1211, 183, 217, 138, 246
1212, 143, 142, 141, 256
1213, 6, 200, 113, 67
1214, 90, 91, 73, 246
1215, 28, 89, 106, 177
1216, 142, 184, 140, 247
1217, 200, 6, 46, 67
1218, 114, 189, 205, 240
1219, 114, 205, 181, 240
1220, 121, 122, 115, 265
1221, 152, 173, 149, 267
1222, 226, 255, 237, 267
1223, 51, 49, 62, 264
1224, 60, 178, 10, 111
1225, 149, 146, 148, 267
1226, 218, 203, 104, 253
1227, 192, 152, 191, 255
1228, 213, 188, 118, 254
1229, 194, 132, 171, 259
1230, 47, 48, 39, 243
1231, 83, 70, 87, 240
1232, 111, 180, 179, 266
1233, 165, 200, 216, 252
1234, 163, 162, 208, 250
1235, 141, 202, 143, 256
1236, 207, 102, 167, 243
1237, 35, 68, 108, 36
1238, 34, 72, 33, 163
1239, 17, 18, 102, 39
1240, 80, 81, 85, 260
1241, 15, 16, 170, 43
1242, 200, 165, 113, 252
1243, 64, 42, 49, 257
1244, 25, 24, 105, 75
1245, 58, 41, 54, 244
1246, 217, 183, 110, 246
1247, 177, 28, 89, 29
1248, 64, 49, 43, 257
1249, 104, 203, 178, 253
1250, 74, 209, 185, 38
1251, 77, 72, 76, 250
1252, 10, 11, 178, 60
1253, 175, 174, 159, 261
1254, 74, 84, 209, 38
1255, 20, 213, 45, 55
1256, 178, 204, 111, 266
1257, 69, 88, 92, 255
1258, 45, 213, 20, 118
1259, 49, 51, 50, 264
1260, 13, 14, 197, 42
1261, 31, 71, 196, 32
1262, 2, 21, 84, 210
1263, 1, 3, 212, 55
1264, 101, 188, 213, 254
1265, 74, 185, 37, 38
1266, 191, 27, 26, 69
1267, 180, 111, 204, 266
1268, 46, 7, 6, 200
1269, 21, 84, 210, 70
1270, 89, 106, 27, 28
1271, 84, 2, 209, 38
1272, 212, 3, 41, 55
1273, 20, 19, 45, 118
1274, 213, 20, 1, 55
1275, 96, 23, 24, 181
1276, 41, 117, 3, 212
1277, 9, 8, 40, 179
1278, 92, 25, 26, 192
1279, 95, 80, 85, 260
1280, 148, 152, 149, 267
1281, 5, 6, 113, 67
1282, 60, 10, 9, 111
1283, 104, 11, 12, 44
1284, 73, 29, 30, 110
1285, 61, 13, 12, 182
1286, 183, 31, 30, 90
1287, 117, 3, 4, 41
1288, 189, 21, 210, 70
1289, 63, 8, 7, 107
1290, 114, 23, 22, 87
1291, 47, 17, 16, 207
1292, 34, 208, 35, 76
1293, 64, 15, 14, 109
1294, 5, 4, 58, 211
1295, 32, 103, 33, 93
1296, 189, 22, 21, 70
1297, 36, 94, 206, 37
1298, 18, 19, 201, 65
1299, 239, 52, 252, 59
1300, 239, 252, 52, 235
1301, 264, 56, 66, 51
1302, 255, 198, 240, 105
1303, 255, 240, 198, 226
1304, 256, 177, 246, 202
1305, 256, 246, 177, 237
1306, 238, 78, 223, 236
1307, 238, 223, 78, 79
1308, 250, 223, 78, 236
1309, 250, 78, 223, 79
1310, 230, 263, 226, 219
1311, 226, 263, 230, 220
1312, 250, 79, 86, 77
1313, 250, 86, 79, 223
1314, 266, 66, 221, 56
1315, 266, 221, 66, 253
1316, 264, 221, 66, 56
1317, 264, 66, 221, 253
1318, 73, 260, 91, 95
1319, 91, 260, 73, 246
1320, 181, 75, 24, 96
1321, 24, 75, 181, 105
1322, 182, 42, 13, 197
1323, 182, 13, 42, 61
1324, 243, 65, 57, 39
1325, 243, 57, 65, 232
1326, 260, 89, 73, 237
1327, 260, 73, 89, 95
1328, 247, 144, 256, 142
1329, 247, 256, 144, 230
1330, 249, 161, 243, 166
1331, 249, 243, 161, 232
1332, 39, 201, 18, 102
1333, 39, 18, 201, 65
1334, 264, 52, 56, 51
1335, 264, 56, 52, 235
1336, 254, 41, 53, 55
1337, 254, 53, 41, 244
1338, 251, 151, 149, 150
1339, 251, 149, 151, 245
1340, 262, 247, 233, 221
1341, 262, 233, 247, 228
1342, 265, 99, 120, 242
1343, 265, 120, 99, 115
1344, 206, 68, 36, 108
1345, 206, 36, 68, 94
1346, 87, 181, 23, 96
1347, 23, 181, 87, 114
1348, 39, 207, 17, 47
1349, 17, 207, 39, 102
1350, 87, 189, 240, 70
1351, 87, 240, 189, 114
*ELSET,ELSET=aaa
1, 2, 3, 4, 5, 6, 7, 8, 9, 10, 
11, 12, 13, 14, 15, 16, 17, 18, 19, 20, 
21, 22, 23, 24, 25, 26, 27, 28, 29, 30, 
31, 32, 33, 34, 35, 36, 37, 38, 39, 40, 
41, 42, 43, 44, 45, 46, 47, 48, 49, 50, 
51, 52, 53, 54, 55, 56, 57, 58, 59, 60, 
61, 62, 63, 64, 65, 66, 67, 68, 69, 70, 
71, 72, 73, 74, 75, 
*ELSET,ELSET=bbb
76, 77, 78, 79, 80, 81, 82, 83, 84, 85, 
86, 87, 88, 89, 90, 91, 92, 93, 94, 95, 
96, 97, 98, 99, 100, 101, 102, 103, 104, 105, 
106, 107, 108, 109, 110, 111, 112, 113, 114, 115, 
116, 117, 118, 119, 120, 121, 122, 123, 124, 125, 
126, 127, 128, 129, 130, 131, 132, 133, 134, 135, 
136, 137, 138, 139, 140, 141, 142, 143, 144, 145, 
146, 147, 148, 149, 150, 
*NSET,NSET=aaa
1, 3, 4, 5, 6, 7, 8, 9, 10, 11, 
12, 13, 14, 15, 16, 17, 18, 19, 20, 39, 
40, 41, 42, 43, 44, 45, 46, 47, 48, 49, 
50, 51, 52, 53, 54, 55, 56, 57, 58, 59, 
60, 61, 62, 63, 64, 65, 66, 67, 
*NSET,NSET=bbb
2, 21, 22, 23, 24, 25, 26, 27, 28, 29, 
30, 31, 32, 33, 34, 35, 36, 37, 38, 68, 
69, 70, 71, 72, 73, 74, 75, 76, 77, 78, 
79, 80, 81, 82, 83, 84, 85, 86, 87, 88, 
89, 90, 91, 92, 93, 94, 95, 96, 
